1.0
0.6422762897450711
0.5336663850663587
0.46225935414385205
0.4071929827300838
0.3653620414115085
0.32058372425853093
0.2919481871268986
0.2588985717103728
0.23588911891711836
0.20470267984202375
0.17715216855728683
0.15724856547053695
0.14146708663588145
0.11753823656829346
0.10737566036932743
0.09893584513029062
0.08641278294710628
0.07438077310999405
0.06272249558336934
0.056486762231689816
0.04065765802633769
0.029128691371209693
0.025476616600886154
0.01589254452695529
0.01832120137016766
0.013009681778300556
0.0090760592187552
0.0011569406848097844
-0.0019805318395206503
-0.0003969811933859639
-0.010308930320250993
-0.0033399764550033216
-0.009993469432631501
-0.016108082654836105
-0.012039360084192218
-0.021728258140434144
-0.02246787669498545
-0.023508012450702744
-0.01763725077188563
-0.019746649567896138
