1.0
0.3042633050198539
0.11830095078782463
0.046906687513059646
0.0037259985142532722
-0.003330669091790696
-0.015806392266671913
0.004604749117625524
0.006805108337731287
-0.009831080714420933
-0.008079511233883134
-0.007346039451213754
-0.017128606615195933
-0.008434949479703658
-0.0076684039322336296
-0.00824463851083471
0.0011154887040469993
0.003683017645412468
0.015411147021090001
0.003627654931660854
0.001996765719354135
-0.002988404061378708
0.0028977648865444188
0.006521687339391499
-0.0030369827197378654
-0.0037921089467607316
-0.0020881382001208424
-0.015505490749625093
-0.01647578770163603
-0.022116103693557133
-0.017803903659814758
-0.009961745406899149
-0.004749742951168971
-0.015620756765422744
-0.018826050767097896
-0.020047516401534633
-0.009876920144922993
-0.002270366318357684
0.0014398430959426728
0.0133826413264756
0.013408040679722812
