1.0
0.9975060702420219
0.9967713419650263
0.9962926477653842
0.9957747254120313
0.9953099532709657
0.9948451815106798
0.9944063898251703
0.9939608549162218
0.9934649465657276
0.9930100910641106
0.9925647551758937
0.9921409571892849
0.9917046644324368
0.9912977632804648
0.9908520700941883
0.9904119694158253
0.9900028470503427
0.9894885735796176
0.9889545473013882
0.9885106392092158
0.9880530070637842
0.9876975111387656
0.987231470240543
0.9868127093315435
0.9863780823579024
0.9859033944658738
0.9854951841941211
0.9850182351067394
0.9845500920520506
0.9841073737687602
0.9836814734987588
0.983235621781301
0.9827688269397499
0.9822799790019825
0.9818225055146593
0.9814043392562474
0.9809439701949926
0.9804360433024358
0.9800406845912754
0.9795092764256788
