1.0
0.28078537138926124
0.1037837150963777
0.045062562401140094
0.0351807347250853
0.01571993177266137
-0.0051572009749751065
0.010260523220754133
-0.00026980841395590234
-0.003675337752982238
-0.019035754203925524
0.0061618928544673246
0.0022944682284422066
0.00023236131136964076
-0.0182868903006269
-0.007883526821768303
0.012284546067305583
-0.013746793816962543
-0.00752758928217193
-0.013603271489544481
0.001607052930608838
-0.006693878076493472
0.0007890704858721499
-0.00858222387376434
0.006016035780844207
0.010780767077745614
2.6612914258469308e-5
0.012509165315032376
0.0046814773347629976
0.013530296058313617
-0.0020255959669428104
0.006274889595720546
0.019495806514732535
0.010023716652382648
0.006057080133721792
-0.00845611489152292
-0.01240037193322681
-0.030405432229344633
-0.0057251707755384944
-0.005823317362667052
-0.013972423586060536
