1.0
0.16553345478792883
0.03777121176030273
0.02068602323222463
0.012157533661857888
0.003968082701601927
0.005900410746802636
-0.002767808227149875
-0.01869036892435401
-0.01751731962728315
-0.001983994991917107
-0.003942345678154695
0.0038145517882774834
-0.005126469680829606
-0.008332570769481998
-0.0054766933242577165
-0.0018164335377820816
-0.013955862593686665
-0.0008197654613967961
-0.009121285627988245
0.016416286183678273
-4.629762421302885e-7
-0.002547055423938501
0.00780283183685806
0.004514968990277354
-0.005971343200602234
0.006062657306463401
-0.006650392834132198
-0.004732228833108325
-0.007088251409994539
0.005032867491737154
-0.011651146398476274
-0.015355770777447611
-0.01398448201056193
-0.0034341682492697477
0.0020368709198293647
-0.0033515524552160934
-0.01178353112595447
-0.005725202324022282
0.005202551512440574
-0.009687163932816708
