1.0
0.979474160682703
0.9770394194283727
0.9767350828277892
0.9764307462272058
0.9765524905573717
0.9765322079106212
0.9755177364254553
0.9757815077325378
0.9753351441550376
0.9751191625367941
0.974956852913127
0.9745104893356271
0.9740641257581272
0.9734757352037109
0.9734554525569603
0.9730090889794605
0.972420698425044
0.9725424427552098
0.9725221601084594
0.9717917425771264
0.9717714599303761
0.9716091503067089
0.9711627867292091
0.9707164231517091
0.9702700595742092
0.9702497769274587
0.9698034133499588
0.9696411037262918
0.9689106861949589
0.968748376571292
0.9684440399707085
0.9682817303470413
0.9682614477002909
0.9678150841227909
0.967652774499124
0.9669223569677912
0.9666180203672078
0.9665977377204572
0.96643542809679
0.9657050105654573
