1.0
0.20137340879959537
0.04029486360035695
-0.004578788554141091
-0.006934695305037796
-0.005782559263976763
0.0003952892780026952
-0.019046708081136746
-0.00420290367208716
0.015234772047161062
0.009848055392780703
0.006475837722425394
-0.001309686924345829
-0.010489099757299484
-0.01285643745710433
-0.003728335923595595
-0.007413592064986601
0.015543833158087854
0.004915407370311423
-0.0020224748116301544
0.0005948686948098713
0.008673228963974404
0.006317874829257779
-0.015975069436844676
-0.014788951360227091
-0.016632440950714304
0.005385564943370622
0.00198992586373355
0.00020687760251704275
0.008273647541376689
-0.015640960556416318
0.004049128278490616
0.002526332946455224
0.001965043356628834
-0.002389353933839574
-0.010399943501900748
-0.025807428166799682
0.0024082742715752243
0.003340013572250897
-0.005991724609679021
0.003974196809894244
