1.0
0.40360109411878303
0.21575654757709334
0.1304076196793359
0.07017409765735683
0.033668783797820234
0.024260701301080267
0.006352173357618819
-0.002412653757847659
-0.011888206104172284
-0.01854229208226977
-0.0009527110073679265
-0.006455641419740397
-9.248575585951553e-6
0.01266524457005778
0.01575488307315246
0.005820835029312246
-0.0015696486760722638
-0.004453167881763634
-0.010243491417838233
0.003701766543664171
-0.004239323743527778
-0.009356530506338048
-0.005216958368045204
0.0007240757614289915
-0.0050699113254420464
-0.00047414435195172457
0.0015002669622488224
0.001380794885744519
0.005596311758863302
0.01273243722333927
0.005987173703258346
-0.0006586899494731508
0.005183270328657862
0.01151735433848779
0.007998096490722048
0.0035133389819678915
0.006597843182408871
0.0004330891816779682
-0.009824957324847899
-0.009726619009274195
