1.0
0.2398887978830459
0.07210703596633718
0.016965673972082474
-0.0007281484016266525
0.012269583134331451
0.003984810551919584
-0.003129204798239021
-0.018123174207485753
-0.0027194956708924906
6.543177270250402e-5
-0.00024557883090016365
-0.0030071590276442915
-0.008442392015906325
-0.014317116391104813
-0.011923279041616285
-0.005698448687959636
0.0007769772320444147
0.01087330446026576
-0.0033294062035786978
-0.004229747686625495
-0.002058531149979492
-0.0023912814678236196
-0.0015510511832920713
-0.010448804532211186
-0.010668936474382603
-0.008336162799638488
0.007850625840657446
0.0023116830230190235
-0.007397371248824649
-0.0015907163702331656
0.0007457492845808434
-0.005560089276541533
-0.007595469413640971
-0.009693821683499205
-1.0769256114496994e-5
0.0004976302643396654
0.00039760440382104173
-0.0026864955209387207
0.001867623333762305
0.005068681467229514
