1.0
0.5841656705241597
0.4283224138352203
0.3427457391997569
0.29377719377981093
0.23827168152903208
0.20001828888337314
0.16713123636661237
0.13334580855878533
0.10527701679423641
0.09434277817953385
0.07897191081710418
0.07676776851594957
0.07425565298446248
0.062147221717575946
0.05748697438406057
0.04871446143788209
0.04599531255728347
0.04234578514567658
0.03687791327976387
0.03115438224186989
0.01595892066465942
0.02173259674835012
0.023084517824515767
0.018183653896313958
0.010336521974160618
0.011933516278515972
0.015544229245534238
0.019389931827855488
0.01756538973763361
0.01803511513809408
0.0022373523748381555
0.00095071264730329
-0.0021665729321341145
-0.001871125342499249
-0.008306016612582479
0.004764942697789539
0.00025374975489408214
-0.0007754186575415705
-0.00650318651629125
-0.0031994413607999168
