1.0
0.1637266546472987
0.026813164043797442
-0.0013728463870868375
0.008701644917747825
0.0017183246116463796
0.008090221711349647
-0.01336161484023948
0.0022508581546995133
-0.0007489878084098702
-0.004216814565920822
-0.015149937536231894
-0.0064685810109717965
-0.0011110553700139384
0.009496285134621064
0.01637124117481727
0.007429850451483344
0.0017774282269395042
-0.001643509840228703
0.0068401508481214235
0.0021038099390792305
0.005419917170349162
-0.007734697508471993
-0.011442347007996569
-0.01983250927877078
0.009912437257788523
-0.0006460904650744464
0.00799314114957419
-0.00182579621711802
-0.004198649032864701
-7.035714360703068e-5
-0.0003386660487890573
0.003804484442286378
0.018267651529189462
-0.01896268588243777
-0.006165442123498642
-0.015656706071765725
-0.01049015346989955
-0.027580859179720262
-0.005604182276843139
0.0027279343544867186
