1.0
0.16064808691029336
0.029333445370959617
-0.006591968682587759
-0.016276997063847793
-0.004663887830643794
-0.004705857138918424
-0.012631189635228607
-0.005678369888794891
0.0006492314399525555
-0.011219802716064188
-0.002899716220122705
0.010897951100287044
0.021485574780395887
0.0019938212646671573
0.0025596913842601057
0.002684415684429151
0.012048315486078407
-0.011855482429775773
-0.014585436793859253
-0.0005830897157011722
-0.000782674712073421
-0.005831486800954174
0.008889633656981276
0.008322872753748782
0.0016933686821350377
-0.010947811400603405
-0.004874491936748091
0.010430087691362467
-0.0005192782813296518
0.01701459267772328
0.016322546583450653
-0.006750316005897215
0.0012938192609801935
0.0057221161853874035
-0.0006850424630967865
0.008676277934272201
0.0030883188870470066
0.01443135194392962
0.013045963339619895
0.028188840588880444
