1.0
0.7745778567523336
0.7007597179825528
0.6578060872661275
0.620759467000099
0.5917513335457637
0.5607128734641449
0.5327812228543451
0.5084635744569307
0.4889669686436629
0.47398663895396703
0.45536663712726644
0.43830836347227425
0.4210802851129484
0.407553740459576
0.39241060774171793
0.37803825788520296
0.3609449542067791
0.35204395191299054
0.3356622489850167
0.31689177452078354
0.3055960075049161
0.2928426426163987
0.28026393382061604
0.2771555212518131
0.26854006992551677
0.25792748188674247
0.24926458043931135
0.2446215678851923
0.23659445744615715
0.2315667604832432
0.22602674896412367
0.2188880103702505
0.21765570626141512
0.21869595068266667
0.20910762145371256
0.20518667883753378
0.20881147822715962
0.20207457771841497
0.1953773132767957
0.19720532313577666
