1.0
0.3446714048882254
0.14969268034254976
0.08143208242678408
0.04246229599988146
0.021765389115033652
0.0050878352660204355
0.007868220874575654
0.006247706947512699
-0.004412729923982545
0.01424751772083959
-0.010467373558703242
-0.015080096726586178
-0.009622248213252197
-0.008373694923520317
0.007809146268604944
-0.001689130155055202
-0.0005378500227111353
0.016661099278131572
0.018313424853260683
-0.006258042509216923
-0.007625703752744082
-0.015683484634051562
-0.012411949232758193
0.0011039440438525418
-0.0011071261986598283
0.0054930360776662725
0.011142331692199943
0.016763657384306043
0.0009105193362477369
-0.007642236619414527
-0.001792680673244327
0.0009294343772970109
-0.01073595905925453
-0.00553086117596894
-0.010955427748561954
-0.0048873183355315816
0.0015923665991198748
-0.0028508540983577593
-0.008584970450392531
-0.003588589127083837
