1.0
0.4791383635668893
0.29814841152378146
0.21040997446468043
0.14583749175815688
0.10709497077741653
0.08602037089738876
0.07697738804196526
0.06612621209052204
0.052856216520984406
0.03537997355588284
0.035118046167054995
0.022013160935383316
0.015632220512446615
0.01539138340369374
0.02098103061397537
0.014372551869530924
0.02418880126011409
0.02854063354942616
0.021544954520999384
0.014360541508570069
0.0028244139971253975
-0.007981005048089823
-0.004520941423440274
-0.021132280418898395
-0.014872430690219632
-0.00740422963601618
0.0077107662326555
0.006126909095438173
-0.006588782693993899
0.006362642822132285
0.010603285297391695
0.010673565155618563
-0.006640802131508173
-0.011104813747960284
-0.004641123462910885
0.007176282510906328
0.004621677708022753
0.003798722341790576
0.010652768704125888
0.014803961132982454
