1.0
0.4211946895554342
0.22704893662682535
0.13965118541885174
0.10088691862370497
0.053968328173179085
0.018062776393902035
0.016101210141444028
0.015692432823988512
0.004380363568683843
-0.0004165847384816749
0.0015254454947409642
-0.004903486863072506
0.005364183149291956
-0.0003106222756188783
-0.006264986442601475
-0.004127968817977326
0.005124285474075806
0.00271984281723345
0.0037422953542300403
-0.008058117333133179
-0.01500261892677812
-0.012536558283491218
0.0035768480744237073
-0.008193392044551436
-0.01753556640012637
-0.0018753053406933163
0.007862080509035217
-0.003874220853130751
-0.013204442158093159
-0.004197184204105988
-0.00020770301385916168
0.006484984536958231
-0.003440690306532993
-0.003672138481934778
-0.004975144042403161
0.0034341666974711904
0.001633032246305983
-0.004702150511747104
-0.025505218794313528
-0.01925308179085389
